0|44.9221548904324|74.9666592559653|25.6320112359526|53.9351462406472|15.52417469626|1.4142135623731|13.4536240470737|34.2052627529741|68.0073525436772|78.2368199762746|7.28010988928052|60.4152298679729|45.0111097397076|51|80.2807573457052|97.6165969494942|64.5368112010502|58.1377674149945|45.4862616621766|62.9682459657247|50.2493781056045|44|19.2093727122985|104.809350727881|31.3847096529504|57.9396237474839|48.0520551069359|38.2099463490856|54.4058820349418|55|60.8358446970205|29.0172362570938|10.295630140987|60.6382717431821|24.6981780704569|62.6099033699941|48.1663783151692|58.2408791142441|39.319206502675|73.9256383131049|63.7887137352682|57.4891294072192|11.0453610171873|17.0880074906351|59.1354377678901|51.6236379965612|107.004672795163|61.2209114600559|94.6255779374689|59.0338885725818|36.8781778291715|73.8782782690555|41.5932686861708|64.4980619863884|75.3259583410659|46.7546789102438|93.5200513259055|39.0512483795333|43.8292140016223|52.0384473250308|81.3019064967114|73.8173421358423|81.5843122174846|22.8254244210267|22.0227155455452|81.0987052917616|24.5153013442625|44.407206622349|54.817880294663|30.886890422961|22.561028345357|37.1214223865412|68.2495421230062|43|30.0166620396073|31.04834939252|66.8505796534331|71.1688133946323|94.0478601564119|69.8713102782537|56.7978872846517|66.4830805543786|19.7989898732233|70.2637886823647|3.60555127546399|66.1891229734916|42.3792402008342|44.5982062419555|76.0591874792257|88.5268320906153|60.1082357085949|53.4602656184946|43.4165866921848|53.851648071345|25.0798724079689|36.0555127546399|76.3216876123687|82.8009661779378|46.0651712251241|
44.9221548904324|0|65.924198895398|19.4164878389476|84.6463230152379|58.6941223633168|46.1735855224608|39.6610640301039|75.4718490564528|68.0661443009665|61.6846820531645|45.6179789118282|43.1740662898458|14.142135623731|15.2643375224737|75.4254598925323|91.5914843203231|55.3263047744922|22.6715680975093|38.3275357934736|30.6104557300279|73.5730929076656|13.0384048104053|58.0086200490927|98.2700361249552|75.7693869580585|70.5195008490559|80.0562302385017|10.295630140987|30.364452901378|80.4549563420427|40.8044115262063|60.8276253029822|52.8015151297763|77.6208734813001|29.732137494637|99.0050503762308|45.5411901469428|31.7804971641414|18.4390889145858|108.374351209131|92.655275079188|50.0099990001999|34.1760149812701|47.0106370941726|73.0547739713155|59.2030404624627|100.439036235918|51.2445119012758|90.7964757025293|50.0899191454728|45.18849411078|70.1141925718324|32.5576411921994|21.5870331449229|101.21264743104|49.4772675074119|98.0815986819138|72.8354309385206|33.2415402771893|17.4928556845359|100.657836257293|73|110.136279218067|23.0867927612304|25.2388589282479|101.769347054995|69.3757882838098|75.1664818918645|47|48.8262224629348|51.662365412358|52.8393792544916|24|70.6045324324154|60.1082357085949|66.7083203206317|68.1835757349231|104.35037134577|82.5651258098721|98.1835016690686|66.4830805543786|86.4060183089118|63.0713881248859|46.9574275274956|46.0977222864644|73.1641988953614|27.1661554144122|47.8016736108685|100.184829190851|75.5843899227876|56.0089278597618|11.6619037896906|7|67.0671305484289|30.4795013082563|48.7647413609464|102.083299319722|79.3095202355934|83.7376856618333|
74.9666592559653|65.924198895398|0|67.9779375974294|64.007812023221|88.8650662521556|75.0066663703967|61.5223536610881|79.0569415042095|14.3178210632764|12.2065556157337|68.7677249878168|23.0217288664427|51.7880295048962|52.0864665724217|10.4403065089106|25.7099202643649|11.1803398874989|48.1663783151692|31.3847096529504|41.7731971484108|49.0407993409569|52.9528091794949|94.1116358374457|32.5729949498047|88.6397202161649|33.0605505096331|64.1950153828161|58.2408791142441|36.0555127546399|54.0832691319598|26.0192236625154|59.6154342431555|73.0068489937759|40.6078810084939|53.0094331227943|82.0975030070952|26.9072480941474|36.0555127546399|49.335585534176|84.5281018360166|64.9384323802169|18.0277563773199|68.2495421230062|60|35.2278299076171|28.1602556806574|34.7850542618522|15.2315462117278|25.0199920063936|17|38.4187454245971|8.60232526704263|37.1214223865412|60.8276253029822|65.1920240520265|28.6006992921502|36.2491379207837|64.5368112010502|35.3411940941446|50.0399840127872|55.2268050859363|13.6014705087354|75.3923072998831|71.5891053163818|60.2079728939615|57.8013840664737|91.0659101969557|60.5309838016862|21.095023109729|46.3249392876019|57.4543296888929|41.5932686861708|66.2872536767062|54.744862772684|57.3846669416143|65.7875368135941|16.2788205960997|79.4292137692424|19.1049731745428|67.1863081289633|29.0172362570938|48.0832611206852|77.8973683766018|25.0798724079689|78.4920378127616|25|40.4969134626332|30.6104557300279|61.8465843842649|13.8924439894498|15|59.0084739677277|59.0338885725818|34.0587727318528|52.2015325445527|40.4969134626332|65.5515064662895|14.560219778561|75.8023746329889|
25.6320112359526|19.4164878389476|67.9779375974294|0|70.7106781186548|39.319206502675|26.9258240356725|22.8035085019828|57.6281181368956|65.9696900098826|67.2011904656458|27.2029410174709|47.8016736108685|23.259406699226|28.4604989415154|75.9605160593318|93.2308961664533|56.7978872846517|36.4005494464026|36.7695526217005|42.9418211071678|61.9838688692469|21.9317121994613|39.1152144312159|100.319489631876|56.7978872846517|63.0713881248859|65.5133574166368|14.8660687473185|37.5366487582469|68.3520299625402|46.7546789102438|45.4862616621766|34.132096331752|68.7313611097583|18.0277563773199|83.240615086627|42.7200187265877|40.6078810084939|20.5182845286832|93.4772699644143|79.6241169495775|50.1597448159378|15.2643375224737|30.8058436014987|65.1920240520265|53.084837759948|102.55242561734|52.773099207835|91.4166286842826|50.9901951359278|37|69.8927750200262|30.8706980808663|40.0124980474851|89.5377015563835|44.5533388198909|95.1892851112981|57.4282160614449|32.649655434629|30.0832179129826|91.5914843203231|71.5681493403316|97.5756117070244|4.47213595499958|10.1980390271856|92.1954445729289|50|60.9015599143405|47.0106370941726|37.1079506305589|36.3593179253957|42.5793377120875|43.1856457633784|57.2712842531054|45.2769256906871|50.4479930225178|65.5133574166368|89.8888202169769|86.4522989862039|85.492689745966|60.00833275471|76.6876782801514|44.4184646290256|55.1724568965349|26.6833281282527|68.264192663504|28.0178514522438|42.4264068711929|89.1852005660132|79.9249648107523|55.0272659687904|29.0688837074973|19.2353840616713|59.1354377678901|19.0262975904404|39.2045915678253|90.4765162901402|79.3788384898645|67.2681202353686|
53.9351462406472|84.6463230152379|64.007812023221|70.7106781186548|0|57.2188780036799|52.773099207835|48.3321838943783|28.2311884269862|50.0399840127872|74.4311762637136|47.5394572960189|67.4166151627327|75.690157880665|80.8084154033477|61.660360037872|74|60.0166643524946|83.815273071201|55.5697759577992|83.3546639366988|15.2970585407784|75.6637297521078|65.1920240520265|79.8498591107085|40.7185461430047|31.0161248385416|6|74.5184540902453|72.2011080247388|10.1980390271856|70.3846574190711|25.6320112359526|44.2831796509691|24.738633753706|55|18.2482875908947|50.5667875190821|75.6637297521078|68.5930025585701|24.2074368738204|10|56.3205113613149|57.9396237474839|40.3112887414927|29.1547594742265|38.0788655293195|81.5414005275848|59.9082632030006|69.28924880528|58.2408791142441|42.2018956920184|57.1401785086466|58.0086200490927|95.9009906101079|22.2036033111745|44.7772263544762|58.5234995535981|15.0332963783729|59.0762219509677|80.2807573457052|32.7566787083184|53.4602656184946|27.6586333718787|70.6823881882892|61.057350089895|31.3049516849971|50|9.8488578017961|56.302753041037|36.0693775937429|34.4383507154451|33.6005952328229|101.414989030222|14.142135623731|25.4950975679639|23.0867927612304|48.0416485978573|19.7989898732233|78.0896920214186|16.0312195418814|35.0570962859162|22.2036033111745|39.2045915678253|77.7946013551069|56.5685424949238|40.4474968323134|63.4113554499508|44.7213595499958|24.0416305603426|76.2364742101837|52.9528091794949|87|79.3095202355934|30.1496268633627|54.2033209314706|37.8021163428716|23.1948270094864|61.3921819126833|16.2788205960997|
15.52417469626|58.6941223633168|88.8650662521556|39.319206502675|57.2188780036799|0|14.8660687473185|28.1780056072107|31.5753068076939|80.6597793203031|92.9623579735368|20.2484567313166|75.5843899227876|60.2079728939615|66.1211010192662|93.3380951166243|110.390216957845|78.8162419809521|73.4370478709486|60.4152298679729|78.4474346298207|57.5847201955519|59.1354377678901|8|117.515956363381|23.3238075793812|68.264192663504|51.2445119012758|53|69.9213844256534|60.8769250208977|76.1577310586391|35.8468966578698|16.4012194668567|69.3541635375988|40.1621712560464|61.3921819126833|62.4259561400544|73.7631344236401|54.744862772684|73.348483283569|67.1863081289633|71.8470597867442|26.1725046566048|29|68.9637585982667|63.7808748764079|119.670380629461|75.7165767847438|107.056060080689|73.4982993000518|50.4479930225178|86.9770084562581|56.859475903318|79.1012010022604|79.4040301244213|60.3075451332584|104.100912580054|42.4264068711929|59.0931468107766|67.2681202353686|87.8009111570034|86.3712915267567|84.0059521700695|35.6931365951495|37.3363094051889|87.0976463516667|12.7279220613579|48.8364617882991|69.3397432934389|43.139309220246|32.8024389337135|48.91829923454|82.4924238945614|49.335585534176|37.5765884561119|34.7131099154196|79.3095202355934|71.5681493403316|107.814655775548|73.109506905737|68.0073525436772|73.6817480791546|18.0277563773199|85.615419172016|13.0384048104053|77.4209274033836|57.8705451849211|58.258046654518|80.8949936646267|102.615788258922|73.8782782690555|68.0661443009665|58.0344725141876|64.3506021727847|40.4969134626332|48.7954915950234|80.3990049689671|95.524865872714|45.3982378512647|
1.4142135623731|46.1735855224608|75.0066663703967|26.9258240356725|52.773099207835|14.8660687473185|0|13.6014705087354|32.8024389337135|67.8011799307357|78.4920378127616|6.70820393249937|60.8276253029822|46|52.0096144957834|80.156097709407|97.4525525576421|64.6606526413088|59.0762219509677|45.7930125674212|63.7887137352682|49.3659801887899|45.0111097397076|19.1049731745428|104.63746938836|30.0166620396073|57.3846669416143|46.8721665810319|39.319206502675|55.0817574156816|54.0092584655631|61.3269924258479|28|8.94427190999916|59.9082632030006|25.298221281347|61.2698947281616|48.2700735445887|58.9406481131655|40.1995024844836|72.6154253585283|62.6498204307083|57.6281181368956|12.1655250605964|16.5529453572468|58.5234995535981|51.31276644267|106.826962888589|61.400325732035|94.4033897696476|59.2030404624627|36.7967389859482|73.7563556583431|42.0475920832573|65.6201188660917|74.2428447730823|46.690470119715|93.0376267969041|37.8549864614954|44.2831796509691|53.0094331227943|80.3990049689671|73.6002717386288|80.4114419718985|24.1867732448956|23|80.156097709407|23.3452350598575|43.2897216438267|55|30.5286750449475|21.8403296678416|36.7151195013716|69.4262198308391|42.0119030752|29.0688837074973|29.8328677803526|66.6108099335236|69.8927750200262|94.0691235209513|68.7313611097583|56.3560112144215|65.6201188660917|18.3847763108502|70.774289116882|4.12310562561766|65.7647321898295|43.0116263352131|44.5533388198909|75.0266619276108|88.6171540955813|60.1082357085949|54.5893762558247|44.5533388198909|53.3104117410474|25.6320112359526|35.8050275799363|75.2396172239067|82.6196102629394|44.7213595499958|
13.4536240470737|39.6610640301039|61.5223536610881|22.8035085019828|48.3321838943783|28.1780056072107|13.6014705087354|0|35.8468966578698|54.9181208709839|64.8999229583518|8.24621125123532|47.4236228055175|35.9026461420325|41.9761837236307|67.0074622710038|84.4037913840368|51.0881590977792|48.2597140480546|32.2490309931942|52.0384473250308|41.3037528561268|35.1710107901379|32.649655434629|91.6078599247903|37.6563407675255|46.3249392876019|42.9418211071678|30.8706980808663|42.5793377120875|47.0744091837593|48.1040538832228|22.8254244210267|15|50.1597448159378|13|60.4400529450463|34.7131099154196|46.5295604965274|29.2745623366089|70.7248188403477|57.5847201955519|44.0454310910905|10.0498756211209|8.06225774829855|47.8539444560216|38.9101529166874|93.8136450629651|47.8016736108685|81.5414005275848|45.6070170039655|23.6008474424119|60.605280298007|28.7923600977759|56.6127194188726|68.1542368455549|33.4215499341368|81.344944526381|34.6698716467194|31.0161248385416|42.5793377120875|72.0624728967859|60.7453701939498|75.6108457828637|22.3606797749979|14.422205101856|72.2495674727538|34.2344855372474|38.4837628097877|41.4004830889689|18.6815416922694|13.9283882771841|25|61.0982814815605|35.4400902933387|22.8473193175917|27.6586333718787|53.851648071345|67.2309452558864|80.6101730552664|63.5688603012513|44.5982062419555|57.0350769263968|24.5153013442625|57.5847201955519|16.9705627484771|53.851648071345|30.4138126514911|31.2409987036266|68.2495421230062|75.0732975164938|46.690470119715|45.8802789878178|36.2491379207837|42.2018956920184|13.0384048104053|23.259406699226|69.1230786351418|69.6347614342147|44.5533388198909|
34.2052627529741|75.4718490564528|79.0569415042095|57.6281181368956|28.2311884269862|31.5753068076939|32.8024389337135|35.8468966578698|0|67.1192967781993|86.8849814409832|30.4795013082563|74.027022093287|70.9365914038728|76.8960337078578|80.0562302385017|95.1892851112981|71.5891053163818|82.2800097228969|59.0338885725818|84.5281018360166|34.7131099154196|70.3846574190711|39.4588393138977|101.788997440784|12.5299640861417|49.9299509312797|22.8254244210267|66.6483308118065|73.824115301167|35|76.0065786626395|20.0997512422418|24.0831891575846|47.4236228055175|47.5394572960189|29.8328677803526|57.2188780036799|77.7817459305202|63.9061812346818|41.7731971484108|37.6430604494374|65.7647321898295|42.5205832509386|29.1547594742265|49.4064773081425|50.9215082258961|103.73041983912|69.8713102782537|90.9725233243533|67.7421582177598|45.0111097397076|74.3236167042482|58.5491246732178|91.9238815542512|50|52.6117857518636|83.4505841801003|16.2788205960997|60.4069532421558|77.1621668954417|60.8276253029822|72.0069441095788|53.2353266168247|55.9016994374947|50.2493781056045|59.5063021872474|22.2036033111745|22.6715680975093|64.3816744112795|36|26.4764045897475|38.4707681233427|96.6643677887566|26.4007575648882|22.2036033111745|13.3416640641263|65.3069674690228|40.1123422402632|96.2548700066651|43.1740662898458|51.8844870842914|48.6004115208915|14.7648230602334|85.0235261559999|35.5105618091294|60.2079728939615|62.3698645180507|51.3517283058711|52.2015325445527|92.6984358012583|65|81.4370922860093|72.0069441095788|47.0106370941726|47.169905660283|41.1096095821889|50.9607692249636|81.0061726043145|14|
68.0073525436772|68.0661443009665|14.3178210632764|65.9696900098826|50.0399840127872|80.6597793203031|67.8011799307357|54.9181208709839|67.1192967781993|0|26|61.2209114600559|29.0688837074973|54.230987451825|56.0892146495206|13.0384048104053|29.732137494637|15.8113883008419|54.0832691319598|30.0665927567458|49.1934955049954|35.3553390593274|55.145262715849|86.6833317310773|36.8781778291715|77.5241897732572|19.0262975904404|50.6359556046887|59.0338885725818|40.8044115262063|40|32.649655434629|48.5489443757534|64.3506021727847|26.3058928759318|49.0407993409569|68.0073525436772|23.3452350598575|42.154477816716|50.0099990001999|70.2139587261678|50.6359556046887|18.4390889145858|63.0634601017102|51.7397332811061|21.0237960416286|17.0293863659264|39.0512483795333|18.7882942280559|26.6270539113887|18.9736659610103|31.3847096529504|7.28010988928052|36.1247837363769|67.4166151627327|51.0783711564885|21.9317121994613|30.0166620396073|51.8652099195598|35.0142828000232|54.3415126767741|42.0119030752|5.8309518948453|61.3269924258479|68.9637585982667|56.9209978830308|44.407206622349|81.2157620169878|47.2969343615419|21.2132034355964|37.5366487582469|48.1040538832228|31.8276609256791|73.1641988953614|41.7612260356422|46.3249392876019|54.1202365109392|2|65.1152823843988|29.1547594742265|52.8866712887094|15.52417469626|33.8378486313773|67.8011799307357|35.3836120259083|71.6100551598726|10.770329614269|41|24.1660919471891|47.8539444560216|26.3058928759318|12.1655250605964|63.3482438588474|61.0737259384099|20.6155281280883|48.1040538832228|32.0156211871642|51.478150704935|14.8660687473185|62.5859409132754|
78.2368199762746|61.6846820531645|12.2065556157337|67.2011904656458|74.4311762637136|92.9623579735368|78.4920378127616|64.8999229583518|86.8849814409832|26|0|72.7186358507914|19.4164878389476|47.927027865287|46.8401537145215|21.4009345590327|32.2490309931942|15.2970585407784|41.4366987102013|32.8024389337135|34.0587727318528|59.2114853723498|49.2442890089805|97.4166310236604|38|95.5091618641898|43.9317652729776|74.027022093287|55.4707129934347|31.3847096529504|64.7765389628066|21.0237960416286|66.9402718847182|77.8267306264371|51.9230199429887|54.561891462815|92.655275079188|30.8706980808663|30.0832179129826|47.169905660283|95.8018788959799|76.1577310586391|21.540659228538|70.178344238091|64.8459713474939|46.3249392876019|37.0135110466435|40.0124980474851|17.464249196573|33.2415402771893|19.6977156035922|43.4626276242015|20.8086520466848|37.4833296279826|53|77.0778826901725|34.4818792991333|47.169905660283|73.3348484691964|35.3553390593274|44.6430285710994|67.4166151627327|25.8069758011279|87.3212459828649|71.2179752590594|60.8276253029822|69.9714227381436|96.6643677887566|70.0071424927486|23.7065391822594|52.2015325445527|63.3245607959503|48.5077313425396|58.0775343829264|64.0312423743285|64.7610994347687|73.5459040327876|27.8567765543682|90.7083237635885|21.2132034355964|78.7464284904401|39.4588393138977|59.8080262172227|83.9344982709732|16|81.6088230524127|36.7695526217005|39.2045915678253|36.0555127546399|73.824115301167|14.142135623731|22.0907220343745|53.1507290636732|55.1543289325507|44.2831796509691|53.9073278877742|46.4865571966778|77.4725757929863|25.2388589282479|85.0940655980192|
7.28010988928052|45.6179789118282|68.7677249878168|27.2029410174709|47.5394572960189|20.2484567313166|6.70820393249937|8.24621125123532|30.4795013082563|61.2209114600559|72.7186358507914|0|55.5427763079953|43.4165866921848|49.4974746830583|73.6613874428116|90.9065454189081|58.6003412959344|56.0802995712398|40.2492235949962|60.1331855134916|43.1045241245046|42.5793377120875|25.4950975679639|98.0815986819138|30.364452901378|50.6951674225463|41.7612260356422|37.6430604494374|50.8035431835222|48.0416485978573|56.302753041037|22.2036033111745|7.28010988928052|53.3666562565053|21.095023109729|57.4543296888929|42.2018956920184|54.744862772684|37.0540146272978|68.425141578224|57.2712842531054|51.6139516022558|12.0415945787923|9.8488578017961|51.8652099195598|44.6542271235322|100.26464980241|55.4707129934347|87.8009111570034|53.2541078227774|30.4138126514911|67.2681202353686|37|63.7887137352682|68.5930025585701|40.3112887414927|86.3307592923866|32.8937684067971|39.2173431022552|50.2493781056045|74.1687265631546|67.0074622710038|75.1864349467376|25.4558441227157|20.8806130178211|74.027022093287|26.0768096208106|37.8549864614954|49.0917508345343|23.8537208837531|15.2970585407784|30.0166620396073|68.0073525436772|36.0555127546399|23.0217288664427|25.0798724079689|60|65.3911308970873|87.783825389419|63.3482438588474|49.6487663492256|59.3043000127309|17.464249196573|65.7875368135941|10.770329614269|59.0592922409336|38.6393581727233|38.2099463490856|69.1809222257119|82.4621125123532|53.8144961882948|52.8866712887094|43.0116263352131|46.6154480832267|21.2132034355964|29.2061637330205|69.5844810284592|76.0591874792257|41.0487515035476|
60.4152298679729|43.1740662898458|23.0217288664427|47.8016736108685|67.4166151627327|75.5843899227876|60.8276253029822|47.4236228055175|74.027022093287|29.0688837074973|19.4164878389476|55.5427763079953|0|29.1204395571221|29.0688837074973|33.0605505096331|48.5077313425396|13.6014705087354|25.4950975679639|15.52417469626|20.1246117974981|52.3927475897189|30.364452901378|79.4040301244213|55.1089829338194|81.0493676718085|40.6078810084939|65.5209890035247|36.2491379207837|13.0384048104053|59.0338885725818|3.60555127546399|54|61.3514466007119|49.2036584005702|36.0555127546399|85.3814968245462|17.2626765016321|13.3416640641263|27.7848879788996|90.8019823572151|71.5891053163818|12.0415945787923|51.6139516022558|48.7647413609464|43.4165866921848|30.0166620396073|57.2712842531054|10.295630140987|48.0416485978573|10.6301458127347|29.0172362570938|28.6356421265527|18.8679622641132|38.6005181312376|75.6042326857432|22.8035085019828|57.7234787586472|62.6498204307083|16.6433169770932|27.0185121722126|69.4262198308391|32.5729949498047|85.8020978764505|51.8555686498567|41.7731971484108|71.449282711585|80.6535802057169|60.8769250208977|11.1803398874989|38.0525951808809|48.5077313425396|36.2215405525497|44.2718872423573|54.817880294663|52.0096144957834|61.0081961706786|30.0166620396073|85.8661749468322|39.560080889705|75.4718490564528|35.6089876295297|58.258046654518|68.6585755750875|11|63.6317530797321|37.8021163428716|19.8494332412792|23.3452350598575|73.109506905737|32.6955654485436|17.8044938147649|36|36.4005494464026|39.1152144312159|35.5105618091294|33.0151480384384|76.2167960491649|37.1214223865412|74.9666592559653|
45.0111097397076|14.142135623731|51.7880295048962|23.259406699226|75.690157880665|60.2079728939615|46|35.9026461420325|70.9365914038728|54.230987451825|47.927027865287|43.4165866921848|29.1204395571221|0|6.08276253029822|61.2943716828878|77.4661216274573|41.194659848092|13.3416640641263|25|19.723082923316|63.2534584034739|1.4142135623731|61.3921819126833|84.1724420460759|73.5459040327876|58.1807528311554|71.7007670809734|8.60232526704263|16.5529453572468|70.2922470831599|26.9258240356725|53.851648071345|50.6359556046887|65.7647321898295|23.4093998214393|91.4002188181188|32.2800247831379|18.6010752377383|7.21110255092798|99.8248466064436|82.8794304999739|36.0138862107382|34.0587727318528|41.7851648315524|60.8358446970205|46.6154480832267|86.3481325796916|37.1214223865412|76.6550715869472|36.0138862107382|34.2052627529741|56.0357029044876|19.6977156035922|21.0237960416286|90.4433524367601|36.7695526217005|84.2140130857092|65.4599113962126|19.9248588451713|7.07106781186548|88.5663593019381|59.0338885725818|99.8098191562333|27.7308492477241|23|89.8943824718764|69.1158447825099|66.7083203206317|33.0605505096331|39.6988664825584|45.1774279923061|42.5205832509386|26.0768096208106|61.5548535860496|52.6972485050216|60.4152298679729|54.4518135602479|95.4829827770373|68.6221538571911|88.090862182181|53.851648071345|74.7930478052606|60.4152298679729|33.8378486313773|47.169905660283|59.9082632030006|13.9283882771841|35.3411940941446|89.044932477935|61.6846820531645|42.1070065428546|11.3137084989848|7.28010988928052|55.0090901579003|23.7697286480094|38.2883794381533|91.2633551870629|65.1920240520265|77.175125526299|
51|15.2643375224737|52.0864665724217|28.4604989415154|80.8084154033477|66.1211010192662|52.0096144957834|41.9761837236307|76.8960337078578|56.0892146495206|46.8401537145215|49.4974746830583|29.0688837074973|6.08276253029822|0|62|77.5241897732572|42.0475920832573|8.06225774829855|28.1780056072107|15.556349186104|67.9411510058521|7|67.0820393249937|84.0119039184329|79.6241169495775|61.773780845922|77.0064932327138|13.6014705087354|16.0312195418814|75.0066663703967|26.3058928759318|59.5399025864168|56.7186036499489|69.6419413859206|29.4108823397055|96.8349110600098|35.3411940941446|16.7630546142402|13|104.995237987254|87.692645073575|37.6563407675255|40.0124980474851|47.7598157450382|64.4980619863884|50.1198563445667|86.1452262171271|38.1182371050918|77.1038261048049|37.3363094051889|38.8973006775534|57.1401785086466|23.6008474424119|15.2643375224737|94.8103369891701|40.3112887414927|85.842879728024|71.0211236182588|23.3238075793812|2.23606797749979|92.1791733527699|60.5309838016862|104.35037134577|32.8937684067971|29.0172362570938|93.6482781475452|75.1664818918645|72.0069441095788|34.928498393146|45|50.9901951359278|47.3814309619285|20.6155281280883|66.7083203206317|58.309518948453|66.1891229734916|56.5154846037792|100.568384694197|67.9117073853986|92.7631392310545|57.2450871254468|78.7718223732319|66.4906008395172|31.7804971641414|53.084837759948|62.6258732474047|17.8044938147649|39.1152144312159|93.2308961664533|60.8769250208977|43.9317652729776|7.28010988928052|10|58.8302643203309|29.732137494637|43.139309220246|95.603347221737|66.007575322837|82.8552955459094|
80.2807573457052|75.4254598925323|10.4403065089106|75.9605160593318|61.660360037872|93.3380951166243|80.156097709407|67.0074622710038|80.0562302385017|13.0384048104053|21.4009345590327|73.6613874428116|33.0605505096331|61.2943716828878|62|0|17.4928556845359|20.0997512422418|58.4208866759141|39.2173431022552|52.1727898429823|47.5394572960189|62.393909959226|99.1564420499243|24.6981780704569|90.5538513813742|31.04834939252|62.8171950981576|67.2681202353686|46.0108682813094|51.478150704935|36.2215405525497|61.5873363606513|77.1038261048049|37.1214223865412|59.9416382825828|79.227520471109|33.5410196624968|46.2709412050371|58.2494635168428|80.2246844805263|61.0081961706786|25.9615099714943|74.6257328272225|64.3506021727847|32.5576411921994|30|26.9258240356725|24.1867732448956|15.52417469626|25.4950975679639|43.4165866921848|6.40312423743285|45.2216762183801|71.1969100453102|59.4390444068543|33.6005952328229|25.9422435421457|64.621977685614|43.6806593356831|60.00833275471|47.927027865287|8.24621125123532|69.3757882838098|79.3095202355934|67.5425791630731|50.6951674225463|94.2019108086455|59.7745765355138|29.1204395571221|50.2095608425328|60.9590026165127|44.6878059430087|76.6876782801514|54.4242592967511|59.3632883186233|67.1192967781993|14.7648230602334|75.1664818918645|16.4924225024706|62.393909959226|28.2311884269862|43.1856457633784|80.802227692063|35.4682957019364|83.868945385047|21.2132034355964|49.2442890089805|35.8050275799363|55.7853027239254|15.2970585407784|21.0237960416286|69.0289794216893|68.4689710744948|33.2415402771893|59.0592922409336|44.5533388198909|59.6657355607052|4.12310562561766|75|
97.6165969494942|91.5914843203231|25.7099202643649|93.2308961664533|74|110.390216957845|97.4525525576421|84.4037913840368|95.1892851112981|29.732137494637|32.2490309931942|90.9065454189081|48.5077313425396|77.4661216274573|77.5241897732572|17.4928556845359|0|36.6878726556883|73.0273921210391|56.4623768539724|66.0302960768767|61.2698947281616|78.644770964127|116.387284528852|7.21110255092798|106.254411673116|45.2769256906871|76.1577310586391|83.9344982709732|61.5223536610881|63.9061812346818|51.2445119012758|77.6208734813001|94.0691235209513|49.3963561409139|77.4144689318476|90.4709898254684|51|61.1310068623117|75|89.4538987411952|71.386273190299|43.081318457076|92.1140597303148|81.467785044151|46.0651712251241|46.6690475583121|9.4339811320566|40.8044115262063|5|42.3792402008342|60.802960454241|23.8537208837531|62.393909959226|85.0940655980192|67.0298440994756|51.0392006206994|22.4722050542442|79.2590688817374|60.7453701939498|75.4254598925323|53.1507290636732|24.0416305603426|76.0591874792257|96.6643677887566|84.970583144992|56.1426753904728|110.634533487515|73.7902432574931|46.2385120867876|67.2681202353686|77.7817459305202|61.5223536610881|90.27181176868|68.9637585982667|75.4320886625844|82.6619622317303|31.1126983722081|84.5931439302264|13.0384048104053|71.449282711585|43.6004587131833|53.1507290636732|97.1853898484747|48.1663783151692|101.21264743104|34.9857113690718|66.098411478643|53.2541078227774|63.0079360080935|18.9736659610103|38.4707681233427|84.2911620515461|84.7230783199005|48.2597140480546|76.5375724726098|61.7170964968379|67.0074622710038|14.8660687473185|88.6397202161649|
64.5368112010502|55.3263047744922|11.1803398874989|56.7978872846517|60.0166643524946|78.8162419809521|64.6606526413088|51.0881590977792|71.5891053163818|15.8113883008419|15.2970585407784|58.6003412959344|13.6014705087354|41.194659848092|42.0475920832573|20.0997512422418|36.6878726556883|0|39.0512483795333|20.2484567313166|33.6154726279432|44.7213595499958|42.2965719651132|83.7376856618333|43.6577599058861|80.3243425120928|30.4630924234556|59.2114853723498|47.2969343615419|26.1725046566048|50.6951674225463|17.0880074906351|51.662365412358|63.285069329187|38.9101529166874|42.0119030752|78.2623792124926|16.4012194668567|26.9258240356725|38.3275357934736|82.2192191643779|62.6258732474047|7.07106781186548|57.3846669416143|50.2493781056045|33.1058907144937|22.0907220343745|45.8802789878178|4.12310562561766|35.5105618091294|5.8309518948453|28.6530975637888|15.1327459504216|25.9422435421457|52.2015325445527|65|19.313207915828|44.1474801092882|58.1377674149945|24.1660919471891|40.1123422402632|57.3149195236284|18.9736659610103|75.2927619363243|60.4152298679729|49.0917508345343|59.5482997238376|81.8413098624405|55.0363516232681|10|37.1618083521241|48.3321838943783|33.2415402771893|57.8705451849211|49.0102030193714|49.4772675074119|58.2494635168428|17.0293863659264|77.1621668954417|30|65.7951365983839|25.6320112359526|47.5078940808788|68.9420046125727|19.8494332412792|68.0147042925278|25.4950975679639|29.4108823397055|21.0237960416286|62.1288982680363|24.0416305603426|7.07106781186548|49.1629942131274|48.3735464897913|30.0832179129826|41.2310562561766|31.3847096529504|65.5133574166368|24.0208242989286|70.0071424927486|
58.1377674149945|22.6715680975093|48.1663783151692|36.4005494464026|83.815273071201|73.4370478709486|59.0762219509677|48.2597140480546|82.2800097228969|54.0832691319598|41.4366987102013|56.0802995712398|25.4950975679639|13.3416640641263|8.06225774829855|58.4208866759141|73.0273921210391|39.0512483795333|0|29|8.06225774829855|70.178344238091|14.560219778561|74.7328575661335|79.227520471109|85.842879728024|62.2012861603359|80.4549563420427|21.540659228538|13.4164078649987|77.2334124585985|22.2036033111745|64.0780773744032|63.1981012372998|70.4343666117613|35.3553390593274|100.498756211209|35.6089876295297|12.1655250605964|19.0262975904404|108.004629530405|90.0277734924062|35.8468966578698|47.2652091923859|53.3666562565053|65|50.60632371552|81.3019064967114|35.4400902933387|73.0616178304313|35.1140997321589|41.6173040933696|54.1294744108974|25.8069758011279|13.4164078649987|96.260064408871|41.1096095821889|83.198557679806|75.1332150250473|24.8394846967484|6.32455532033676|92.3579991121505|57.974132162543|106.075444849409|40.853396431631|36.1247837363769|94.0478601564119|82.0060973342836|75.4718490564528|33.5410196624968|48.7647413609464|55.9732078766261|50.2195181179589|19.2353840616713|69.8927750200262|62.6498204307083|70.9365914038728|54.7813836992094|103.40696301507|62.6498204307083|94.7945146092325|57.4282160614449|79.6492310069595|72.691127381545|25.7099202643649|60.4069532421558|61.7170964968379|20.591260281974|40.3112887414927|94.3663075467086|55.578772926361|42.154477816716|12.0830459735946|18.0277563773199|59.6657355607052|35.5105618091294|46.0434577328854|97|62.5139984323511|87.2353139502575|
45.4862616621766|38.3275357934736|31.3847096529504|36.7695526217005|55.5697759577992|60.4152298679729|45.7930125674212|32.2490309931942|59.0338885725818|30.0665927567458|32.8024389337135|40.2492235949962|15.52417469626|25|28.1780056072107|39.2173431022552|56.4623768539724|20.2484567313166|29|0|27.7848879788996|41.4004830889689|25.7099202643649|64.6374504447692|63.5609943282828|65.6201188660917|33.6154726279432|52.8015151297763|29|16.6433169770932|48.4148737476408|17.0293863659264|39.2045915678253|45.8802789878178|41.6173040933696|21.9317121994613|72.9177618965366|7.28010988928052|20.1246117974981|20.0249843945008|79.6115569499806|61.2209114600559|13.4164078649987|37.4833296279826|33.2415402771893|36.3593179253957|21.9544984001002|65.7951365983839|16.4012194668567|54.7083174663597|14.422205101856|14.3178210632764|33.2415402771893|6.08276253029822|42.0119030752|67.2681202353686|12.2065556157337|60.00833275471|48.7647413609464|5.09901951359278|26.9258240356725|64.007812023221|35.3553390593274|77.0778826901725|40.2492235949962|28.8444102037119|65.5133574166368|65.1459898996093|47.927027865287|10.295630140987|23.0867927612304|33.1360830515618|22.4722050542442|47.8016736108685|42.0475920832573|37.3363094051889|46.2709412050371|30|74.8865809073962|50.2195181179589|65.8559033041078|29.0688837074973|50.8035431835222|53.1507290636732|26.3058928759318|48.8262224629348|34.928498393146|11.1803398874989|11.3137084989848|65.4369925959315|44.0454310910905|18.4390889145858|35.3411940941446|31.4006369362152|30.8058436014987|21.2132034355964|18.6815416922694|68.0147042925278|42.7200187265877|61.1310068623117|
62.9682459657247|30.6104557300279|41.7731971484108|42.9418211071678|83.3546639366988|78.4474346298207|63.7887137352682|52.0384473250308|84.5281018360166|49.1934955049954|34.0587727318528|60.1331855134916|20.1246117974981|19.723082923316|15.556349186104|52.1727898429823|66.0302960768767|33.6154726279432|8.06225774829855|27.7848879788996|0|69.065186599328|21.095023109729|80.3616824114578|72.0277724214764|89.1403387922662|59.4138031100518|80.4984471899924|28.3019433961698|11.1803398874989|76.0263112349928|16.5529453572468|65.5209890035247|67.0298440994756|67.8822509939086|39.0512483795333|100.623058987491|33.4215499341368|7.81024967590665|23.7697286480094|107.377837564369|88.8144132446981|31.6227766016838|52.3927475897189|56.2227711874824|62.2414652783817|48.1040538832228|74.0607858451421|30.4138126514911|66.3701740241805|30.5286750449475|41.6293165929973|48.3838816136118|26.2488094968134|19.1049731745428|94.1116358374457|39.2045915678253|77.4919350642375|75.9605160593318|24.6981780704569|13.4536240470737|89.0224690738243|52.5547333738837|104.139329746259|47.4130783645188|41.2310562561766|90.9065454189081|86.2090482490092|75.5843899227876|29.8328677803526|49.6487663492256|58.0517010948|50.0899191454728|24.5153013442625|69.7710541700496|63.8905313798532|72.5327512231544|50.1198563445667|102.62553288534|55.2268050859363|93.2362590412121|54.4885309033011|77.0778826901725|76.0591874792257|18.1107702762748|65.5133574166368|57.6888204074238|22.2036033111745|38.8329756778952|91.9238815542512|48.1663783151692|37.7359245282264|20.1246117974981|25.4950975679639|57.3149195236284|39.0128184062623|46.0977222864644|94.7945146092325|56.2938717801503|88.2553114548921|
50.2493781056045|73.5730929076656|49.0407993409569|61.9838688692469|15.2970585407784|57.5847201955519|49.3659801887899|41.3037528561268|34.7131099154196|35.3553390593274|59.2114853723498|43.1045241245046|52.3927475897189|63.2534584034739|67.9411510058521|47.5394572960189|61.2698947281616|44.7213595499958|70.178344238091|41.4004830889689|69.065186599328|0|63.4113554499508|65.1459898996093|67.6017751246223|46.690470119715|16.4924225024706|15.2970585407784|63.285069329187|58.0086200490927|7.07106781186548|55.4616984954482|21.8403296678416|42.2018956920184|12.7279220613579|44.7772263544762|33.5410196624968|35.8468966578698|61.2943716828878|56.4003546088143|38.4707681233427|19.8494332412792|41.1096095821889|51.3517283058711|34.0147027033899|15.2315462117278|22.8035085019828|69.462219947249|44.6430285710994|56.8242905807015|43.0116263352131|29.0688837074973|42.5793377120875|44.5533388198909|82.7345151674922|27.7308492477241|30.0166620396073|48.7954915950234|18.4390889145858|45.3431361950185|67.1788657242737|31.0644491340181|39.293765408777|36.6196668472011|62.8171950981576|51.8652099195598|31.0161248385416|53.5350352572967|12.5299640861417|41.2310562561766|25.0798724079689|28|20.8086520466848|88.3911760301898|8.60232526704263|20.3960780543711|23.8537208837531|33.3766385365573|33.6154726279432|64.0312423743285|24.8394846967484|20.0249843945008|16.2788205960997|40.7062648740952|62.6258732474047|53.4602656184946|26.5706605111728|50.2095608425328|30.2324329156619|27.2029410174709|61.660360037872|37.6563407675255|74.5184540902453|67.6756972627545|15|43.8634243989226|25|28.6356421265527|47.7598157450382|27.5136329843952|
44|13.0384048104053|52.9528091794949|21.9317121994613|75.6637297521078|59.1354377678901|45.0111097397076|35.1710107901379|70.3846574190711|55.145262715849|49.2442890089805|42.5793377120875|30.364452901378|1.4142135623731|7|62.393909959226|78.644770964127|42.2965719651132|14.560219778561|25.7099202643649|21.095023109729|63.4113554499508|0|60.2079728939615|85.375640553966|72.780491891715|58.6941223633168|71.5891053163818|7.21110255092798|17.8885438199983|70.4343666117613|28.2311884269862|53.5350352572967|49.8196748283246|66.1891229734916|22.8473193175917|91.214034007931|32.9848450049413|20|7.07106781186548|99.7647232241938|82.975900115636|37|33.0151480384384|41.2310562561766|61.3269924258479|47.169905660283|87.5556965593901|38.2099463490856|77.7817459305202|37.0540146272978|34.4093010681705|57.0788927713213|20.2484567313166|21.540659228538|90.6972987469859|37.3363094051889|85.146931829632|65.2150289427215|20.6155281280883|8.24621125123532|89.0505474435727|60.00833275471|100|26.4007575648882|22.0227155455452|90.3382532485547|68.1835757349231|66.6033032213869|34.0147027033899|39.6232255123179|44.7772263544762|42.6380112106557|26.4196896272458|61.5223536610881|52.4309069156733|60.0333240792145|55.3263047744922|95.4620343382645|69.8927750200262|88.2383136738231|54.4242592967511|75.17978451685|59.6657355607052|35.2278299076171|46.0977222864644|60.6382717431821|14.560219778561|35.8468966578698|89.3588272080604|62.9682459657247|43.0464865000618|11.4017542509914|6.08276253029822|55.4616984954482|23.259406699226|38.4187454245971|91.5259526036195|66.2721661031236|76.8505042273634|
19.2093727122985|58.0086200490927|94.1116358374457|39.1152144312159|65.1920240520265|8|19.1049731745428|32.649655434629|39.4588393138977|86.6833317310773|97.4166310236604|25.4950975679639|79.4040301244213|61.3921819126833|67.0820393249937|99.1564420499243|116.387284528852|83.7376856618333|74.7328575661335|64.6374504447692|80.3616824114578|65.1459898996093|60.2079728939615|0|123.555655475579|30.4630924234556|75.17978451685|59.2114853723498|53.6003731330296|72.6154253585283|68.6585755750875|79.6492310069595|43.3243580448689|23.259406699226|76.694197955256|43.4165866921848|69.2314957226839|67.3572564761956|76.3216876123687|56.6127194188726|81.2157620169878|75.1664818918645|76.694197955256|28.2311884269862|35|76.0263112349928|70|125.733845880892|80.4300938703916|113.229854720387|78.2432105680742|55.8659108938537|92.7631392310545|60.5392434706612|79.1012010022604|87.3670418407308|65.7647321898295|111.018016555873|50.3587132480567|62.7694193059009|68.4470598345904|95.5667306126981|92.4553946506098|92.0054346220918|35.0142828000232|39.2173431022552|94.9210198006743|19.2353840616713|56.7186036499489|74.027022093287|49.2036584005702|39.446165846632|55.2177507691141|82.0060973342836|57.0087712549569|44.9444101084885|42.5793377120875|85.4283325366942|79.5110055275369|113.172434806361|81.0987052917616|74.6257328272225|81.3203541556479|26.0192236625154|89.0056178002265|15.8113883008419|84.05950273467|60.8358446970205|63.6396103067893|88.8144132446981|107.712580509428|79.2085853932514|68.1835757349231|58.309518948453|71.1969100453102|43.9089968002003|54.6717477313466|88.3628881374981|101.533245786787|53.3385414123783|
