0|91.4166286842826|61.2698947281616|47.8852795752515|46.5295604965274|36.8917334913934|
91.4166286842826|0|31.2569992161756|69.656299069072|64.7765389628066|66|
61.2698947281616|31.2569992161756|0|51.662365412358|35.8468966578698|35.2278299076171|
47.8852795752515|69.656299069072|51.662365412358|0|67.0522184569608|58.309518948453|
46.5295604965274|64.7765389628066|35.8468966578698|67.0522184569608|0|10.1980390271856|
36.8917334913934|66|35.2278299076171|58.309518948453|10.1980390271856|0|
